00000000000000000000000000000000
00000000000000000000000000010000
00000000000000000000000000110000
00000000000000000000000001110000
00000000000000000000000011110000
00000000000000000000000111110000
00000000000000000000001111110000
00000000000000000000011111110000
00000000000000000000111111110000
00000000000000000001111111110000
00000000000000000011111111110000
00000000000000000111111111110000
00000000000000001111111111110000
00000000000000011111111111110000
00000000000000111111111111110000
00000000000001111111111111110000
00000000000011111111111111110000
00000000000111111111111111110000
00000000001111111111111111110000
00000000011111111111111111110000
00000000001111111111111111110000
00000000000111111111111111110000
00000000000011111111111111110000
00000000000001111111111111110000
00000000000000111111111111110000
00000000000000011111111111110000
00000000000000001111111111110000
00000000000000000111111111110000
00000000000000000011111111110000
00000000000000000001111111110000
00000000000000000000111111110000
00000000000000000000011111110000
00000000000000000000001111110000
00000000000000000000000111110000
00000000000000000000000011110000
00000000000000000000000001110000
00000000000000000000000000110000
00000000000000000000000000010000